1225
1247
1269
1294
1310
1327
1341
1363
1376
1400
1404
1429
1450
1455
1465
1478
1487
1488
1493
1499
1503
1503
1499
1494
1493
1492
1499
1507
1511
1517
1515
1517
1516
1512
1517
1515
1515
1518
1529
1533
1541
1543
1545
1541
1551
1568
1584
1595
1612
1618
1633
1638
1657
1677
1690
1702
1719
1724
1748
1754
1775
1785
1802
1824
1840
1853
1861
1874
1891
1908
1927
1939
1960
1973
1991
2006
2016
2026
2039
2051
2070
2087
2102
2115
2124
2137
2144
2149
2162
2175
2183
2191
2199
2205
2203
2213
2217
2222
2233
2240
2243
2247
2255
2259
2261
2268
2273
2277
2284
2287
2294
2305
2305
2305
2308
2309
2317
2319
2319
2322
2327
2333
2337
2339
2341
2344
2344
2347
2337
2337
2336
2329
2329
2325
2314
2320
2318
2316
2316
2303
2299
2290
2287
2281
2267
2262
2252
2245
2239
2238
2232
2218
2208
2212
2199
2184
2183
2186
2168
2164
2148
2140
2131
2120
2109
2098
2093
2097
2090
2077
2067
2054
2032
2008
1983
1965
1950
1936
1919
1910
1895
1887
1870
1866
1858
1846
1835
1824
1800
1792
1781
1760
1733
1713
1710
1701
1677
1675
1658
1652
1633
1620
1611
1596
1592
1570
1558
1538
1535
1522
1514
1511
1498
1496
1499
1499
1491
1478
1473
1462
1454
1456
1448
1447
1444
1446
1444
1437
1437
1424
1413
1405
1393
1391
1379
1365
1350
1349
1341
1338
1336
1325
1316
1308
1302
1299
1288
1263
1267
1264
1267
1251
1256
1248
1248
1242
1250
1250
1252
1245
1241
1246
1242
1243
1243
1222
1195
1171
1132
1110
1090
1069
1048
1024
1002
973
964
941
931
922
914
908
896
888
884
873
878
877
877
882
879
883
876
866
846
836
823
821
795
769
768
769
763
761
757
749
747
740
739
737
735
716
707
692
688
666
659
655
646
642
633
629
632
631
628
626
628
625
628
628
632
644
654
664
669
677
686
696
706
711
723
736
737
752
758
765
773
781
791
808
833
848
861
871
893
909
922
933
950
974
991
1006
1017
1036
1047
1066
1088
1106
1123
1139
1154
1168
1187
1222
1239
1266
1285
1309
1328
1350
1369
1382
1404
1424
1443
1462
1480
1496
1512
1531
1556
1580
1596
1613
1632
1657
1667
1681
1702
1726
1745
1762
1783
1795
1812
1824
1834
1849
1868
1884
1904
1915
1925
1936
1957
1972
1985
2000
2010
2021
2026
2044
2047
2053
2058
2057
2057
2063
2054
2056
2062
2065
2067
2071
2069
2072
2083
2082
2081
2081
2079
2075
2071
2073
2081
2069
2059
2067
2061
2054
2056
2058
2049
2035
2036
2027
2012
1998
1998
1991
2001
1991
1993
2003
1999
1996
1992
1969
1964
1957
1967
1955
1962
1974
1961
1954
1950
1950
1935
1945
1945
1937
1941
1945
1947
1941
1932
1931
1933
1916
1922
1921
1923
1926
1920
1918
1898
1897
1894
1905
1891
1898
1931
1937
1933
1921
1930
1932
1927
1925
1925
1920
1914
1910
