385
372
357
341
324
303
285
305
320
330
337
336
343
356
367
368
370
376
380
383
386
386
394
387
391
384
381
380
372
369
375
373
362
352
337
332
328
302
291
293
282
276
272
261
243
242
238
232
232
230
235
222
227
222
221
218
208
205
204
201
194
185
174
166
157
141
135
121
113
104
106
95
90
90
94
87
79
73
74
77
71
70
68
66
69
77
79
86
90
90
90
97
102
107
105
109
107
103
105
98
93
96
94
92
92
91
95
95
98
96
98
101
103
107
114
115
118
123
127
137
141
147
152
155
158
164
167
162
164
167
172
174
185
194
199
201
209
213
219
222
223
225
235
243
255
250
253
256
263
271
282
281
288
289
286
291
297
312
316
335
342
353
375
385
400
418
419
429
441
456
476
489
503
520
530
541
562
582
601
615
644
665
687
702
714
727
745
762
789
799
805
822
817
839
847
852
861
852
838
821
807
792
777
777
774
763
753
744
741
730
724
725
716
713
707
709
698
686
689
701
705
713
710
700
700
725
711
690
692
687
692
695
703
707
720
734
742
755
748
749
752
742
736
734
742
756
767
782
797
778
783
781
792
787
784
780
776
786
809
813
810
819
812
821
809
807
812
837
845
849
861
888
931
972
999
1018
1020
1020
1016
1019
1014
1000
986
958
915
893
872
843
795
759
738
700
671
664
662
652
664
686
697
707
695
707
703
707
703
682
654
639
608
597
578
564
561
557
553
550
546
539
535
524
517
503
504
481
461
455
434
411
402
382
370
362
351
343
330
313
296
292
273
265
246
228
215
199
192
183
174
165
157
154
151
138
134
121
111
105
93
88
77
74
65
64
63
59
54
48
44
42
36
37
33
31
28
26
26
24
24
24
24
23
21
22
26
26
27
30
35
35
36
39
42
45
46
51
52
53
55
62
69
72
74
79
83
88
91
98
104
109
112
117
123
132
135
143
150
155
163
171
180
187
197
208
208
214
215
225
236
247
257
266
279
295
299
311
325
344
355
367
391
408
414
432
442
448
458
482
499
517
531
551
574
595
612
619
636
658
667
692
702
718
733
753
785
796
807
812
800
793
816
828
832
851
851
877
898
899
903
919
943
958
986
1003
1007
1013
1001
991
977
964
978
986
987
1003
1010
1026
1022
1029
1011
1022
1020
1020
1040
1034
1039
1039
1058
1056
1065
1068
1064
1076
1090
1086
1119
1138
