100
100
100
100
100
100
100
100
100
110
110
117
118
122
118
117
119
123
125
128
126
124
128
130
129
130
136
142
139
144
152
152
152
151
152
156
154
147
146
147
157
160
162
166
163
164
162
156
162
161
161
156
154
149
154
152
156
157
156
151
146
144
150
155
148
153
161
163
167
165
155
157
155
148
149
151
149
141
138
130
129
126
122
114
116
104
97
86
83
82
77
71
65
56
48
45
45
43
39
34
34
32
31
30
28
24
27
29
29
27
26
29
28
26
28
28
26
25
22
20
19
19
19
17
18
17
18
16
15
14
14
15
13
15
14
12
14
14
14
15
13
13
15
15
15
13
12
13
14
14
14
15
15
18
21
21
22
21
23
24
26
28
30
32
31
33
30
31
31
30
33
31
33
31
31
32
31
35
35
37
38
38
38
38
37
38
40
42
44
42
42
43
45
44
46
48
51
53
54
55
59
59
64
65
64
68
69
71
71
76
78
83
89
93
95
94
96
96
95
87
85
89
81
76
73
72
72
70
66
72
70
66
65
63
65
65
70
72
74
75
76
70
71
72
70
77
77
76
76
70
72
67
68
66
64
62
66
67
66
69
69
75
79
82
82
83
81
83
85
89
86
88
88
83
81
79
76
74
74
74
78
78
76
77
77
79
80
81
85
90
90
92
94
95
97
99
98
99
98
95
97
99
99
100
104
110
115
115
118
119
121
125
130
132
136
138
137
137
143
142
141
141
136
142
139
147
148
151
146
145
152
150
152
150
149
143
143
143
133
135
130
131
129
123
118
109
105
98
90
94
91
84
80
74
71
74
70
64
63
60
60
52
50
47
44
42
36
35
33
30
30
27
25
24
24
25
22
22
22
22
21
19
21
20
22
23
24
24
24
24
24
19
18
18
19
17
17
15
12
13
11
8
8
8
6
7
7
7
7
6
6
8
7
6
6
7
7
8
8
9
9
8
8
8
6
6
7
7
5
4
4
4
4
3
3
3
4
4
4
4
4
4
4
5
5
5
5
5
5
4
4
5
4
4
5
5
5
5
6
5
5
5
5
5
4
3
2
2
1
1
1
1
1
1
1
1
1
1
1
1
1
1
1
1
1
1
1
1
1
1
1
1
1
1
1
1
1
1
1
1
1
1
1
1
1
1
1
1
1
1
1
1
1
0
